"6e006a38-441d-4e66-ac59-ce63840c9f37.csv","0"
