"label"
"Adelbert Range"
"Adolphus Channel"
"Río Adyar"
"Agano River"
"Agastya Malai"
"Agnes River (Australia)"
"Agno River"
"Agusan River"
"Ahaura River"
"Aire River (Victoria)"
"Aji River (Gujarat)"
"Akademiya Nauk Range"
"Akatarawa River"
"Akkarayan Aru"
"Aknajärv"
"Aksu (Tarim)"
"Alaknanda River"
"Alay Mountains"
"Aldan River"
"Alexander River (Western Australia)"
