"9da178f7-9248-4751-8e68-93e0bf6cc147.csv","0"
