"874199f0-ee92-4349-a6e5-35818c10f024.csv","3"
